200054
200011
900955
200019
900943
200596
900938
900933
900925
200581
900908
900917
200026
200530
200020
200058
900953
900957
900951
200613
900922
200016
200512
900914
200771
900932
200030
200022
200413
200055
900915
200468
200992
200012
200017
200761
200706
200152
200488
200726
200029
200037
200045
200056
200160
200168
200505
200553
200725
200986
900901
900902
900903
900904
900905
900906
900907
900909
900910
900911
900913
900916
900918
900920
900921
900923
900924
900926
900927
900928
900929
900930
900935
900936
900937
900939
900940
900941
900942
900945
900946
900947
900952
900956
200025
200429
200521
200539
200570
200869
900912
200541
200418
200625
200018
200053
200550
200028
900948
900934
900919